fftLengths = [64 128 256];
windowLengths = [32 64 128 256];
overlapFractions = [0.25 0.50 0.75];


